eclipse
15434
15435
15619
15634
15635
15638
15648
15653
15654
15661
15663
15666
15667
15668
15677
15680
15682
15706
15707
15808
15810
15813
15814
15815
15817
15818
15819
15820
15821
15822
15823
15824
15825
15828
15829
15831
15832
15833
15835
15836
15837
15838
15840
15842
15843
15845
15846
15847
15848
15849
15850
15851
15856
15857
15860
15861
15862
15863
15865
15866
15872
15876
15877
15885
15890
15899
15900
15901
15902
15903
15904
15905
15906
16378
16382
16383
16392
16395
16396
16397
16408
16410
16412
16426
16435
16436
16437
16439
16440
16441
16442
16449
16451
16453
16454
16455
16456
16457
16458
16465
16467
16468
16470
16471
16472
16479
17236
17334
17395
17403
17406
17417
17461
17469
17479
17559
17561
17562
17571
17613
17614
17619
17659
17662
17694
17697
17698
17702
17703
17707
17711
17712
17715
17717
17722
17726
18135
18145
18195
18201
18212
18213
18215
18254
18255
18267
18272
18273
18288
18292
18525
18548
18607
18651
18665
18678
18711
18725
18737
18744
18751
18752
18758
18759
18967
19218
19219
19220
19222
19225
19231
19233
19264
19265
19291
19292
19321
19322
19335
19336
19350
19351
19365
19366
19379
19380
19780
19789
21136
21138
21139
21140
21141
21152
21153
21154
21167
21168
21169
21180
21181
21182
21183
21211
21213
21228
21238
21241
21243
21272
22232
22233
22234
22240
22241
22242
22243
22244
22245
22273
22315
22330
22331
22332
22333
22334
22345
22348
22374
22387
22402
22418
22433
22434
22607
22608
22609
22611
22615
22616
22619
22620
22621
22625
22626
22629
22630
22631
22632
22633
22634
22635
22636
22637
22639
22640
22644
22645
22646
22647
22649
22650
22651
22652
22655
22744
22745
22746
22747
22762
22862
22863
22867
22868
22989
23001
23058
23059
23061
23064
23083
23147
23343
23359
23369
23372
23373
23375
23443
23444
23446
23448
23458
23464
23466
23471
23472
23473
23474
23476
23486
23490
23499
23503
23704
23705
23724
23728
23881
23905
23907
23908
23912
23913
23914
23915
23919
23920
23921
23922
23924
23926
23941
24020
24098
24135
24188
24190
24191
24201
24202
24204
24205
24278
24284
24285
24291
24292
24298
24299
24306
24856
24862
24869
24872
24877
24895
24897
24980
24981
24990
25130
25132
25133
25134
25135
25146
25322
25323
25324
25325
25326
25335
25339
25341
25342
25343
25344
25351
25352
25354
25356
25358
25364
25365
25366
25367
25413
25414
25446
25581
25583
25598
25678
25745
25746
25747
25800
25803
25804
25916
25918
25921
25973
25977
25979
25988
26031
26032
26033
26034
26103
26135
26137
26138
26140
26167
26168
26170
26171
26172
26176
26177
26182
26195
26207
26242
26247
26287
26327
26328
26356
26421
26477
26514
26518
26528
26535
26590
26647
26698
26699
26706
26719
26720
26732
26733
26734
26737
26818
26835
26848
26849
26850
26851
26854
26855
26856
26884
26885
26886
26887
26889
26890
26891
26897
26899
26908
26911
26920
26921
26922
26924
26925
26926
26928
26929
26932
26933
26934
26949
26950
26953
26954
26955
26956
26959
26973
26974
26975
26978
26984
26985
26990
26991
27024
27084
27098
27116
27117
27125
27131
27132
27154
27616
27618
27729
27794
27809
27811
27812
27813
27814
27816
27822
27824
27831
27832
27833
27835
27837
27838
27839
27842
27843
27844
27845
27847
27865
27891
27892
27908
27909
27920
27921
27941
27943
28104
28105
28108
28110
28112
28154
28182
28283
28284
28285
28286
28321
28332
28334
28336
28341
28342
28348
28350
28356
28358
28359
28362
28363
28365
28366
28379
28387
28391
28393
28394
28399
28400
28431
28437
28439
28442
28443
28454
28461
28462
28472
28495
28499
28501
28504
28513
28529
28531
28537
28540
28542
28543
28552
28553
28556
28557
28559
28560
28562
28563
28568
28569
28570
28571
28573
28579
28587
28591
28614
28624
28625
28628
28634
28639
28663
28671
28673
28675
28677
28679
28686
28687
28688
28689
28700
28701
28702
28712
28714
28727
28738
28786
28797
28801
28805
28834
28840
28841
28857
28860
28869
28870
28872
28874
28878
28881
28884
28885
28890
28891
28932
28940
28945
28948
28952
28953
28959
28961
28962
28969
28971
28974
28979
28987
28988
28990
28991
28992
28993
28999
29001
29004
29007
29008
29011
29017
29019
29021
29022
29023
29027
29032
29033
29034
29052
29053
29054
29060
29062
29067
29069
29070
29078
29089
29095
29109
29111
29113
29117
29118
29119
29128
29132
29133
29140
29142
29143
29151
29152
29168
29169
29170
29171
29195
29196
29201
29204
29205
29206
29211
29213
29214
29251
29254
29263
29264
29267
29268
29272
29281
29282
29283
29284
29285
29290
29293
29294
29295
29300
29309
29328
29329
29331
29332
29333
29335
29337
29338
29339
29342
29343
29344
29345
29347
29350
29352
29357
29359
29361
29362
29366
29370
29376
29378
29382
29385
29416
29417
29420
29421
29426
29436
29462
29463
29473
29475
29477
29478
29479
29481
29491
29496
29500
29506
29510
29512
29556
29557
29565
29569
29611
29612
29614
29616
29618
29620
29624
29634
29648
29655
29659
29662
29663
29664
29665
29667
29670
29672
29683
29690
29699
29708
29709
29819
29820
29834
29840
29926
29972
29979
29980
29982
29990
29991
30004
30013
30022
30023
30024
30039
30040
30048
30049
30050
30052
30053
30054
30055
30057
30068
30073
30080
30083
30084
30088
30089
30093
30094
30102
30108
30109
30110
30111
30113
30116
30120
30133
30135
30148
30154
30158
30161
30165
30244
30245
30271
30300
30303
30304
30305
30312
30313
30316
30317
30319
30320
30325
30326
30328
30329
30332
30333
30334
30335
30339
30341
30342
30344
30345
30346
30349
30350
30354
30356
30357
30358
30359
30360
30361
30363
30364
30365
30366
30369
30370
30371
30373
30374
30375
30378
30379
30380
30381
30383
30386
30387
30388
30389
30392
30393
30394
30395
30396
30399
30400
30401
30402
30404
30405
30406
30407
30408
30409
30410
30413
30414
30416
30421
30422
30423
30425
30426
30429
30436
30437
30439
30442
30471
30488
30491
30492
30500
30502
30503
30504
30509
30511
30512
30513
30514
30517
30523
30524
30525
30526
30527
30533
30535
30539
30546
30548
30550
30551
30552
30553
30559
30564
30566
30578
30579
30580
30588
30592
30594
30604
30607
30620
30622
30632
30633
30634
30636
30637
30638
30639
30640
30641
30643
30644
30645
30646
30647
30648
30650
30651
30652
30653
30654
30655
30656
30657
30658
30659
30660
30661
30662
30663
30665
30666
30667
30677
30712
30717
30718
30719
30720
30721
30723
30724
30725
30726
30727
30728
30729
30770
30771
30773
30774
30775
30776
30778
30780
30803
30824
30898
30904
30906
30907
30908
30909
30911
30948
30952
30953
30955
30967
30968
30969
30974
30975
30976
30981
30982
30983
30985
30986
30987
30988
30989
30990
30996
30997
30999
31000
31003
31004
31006
31010
31011
31012
31013
31014
31015
31016
31017
31018
31019
31020
31025
31027
31031
31032
31033
31034
31035
31040
31041
31043
31044
31208
31210
31211
31213
31214
31223
31224
31225
31226
31227
31234
31236
31237
31238
31239
31243
31244
31249
31251
31252
31253
31254
31255
31256
31257
31260
31261
31262
31265
31267
31270
31271
31307
31308
31309
31310
31428
31435
31492
31493
31498
31507
31508
31536
31537
31538
31552
31553
31554
31564
31565
31567
31575
31577
31578
31579
31580
31581
31582
31584
31585
31586
31587
31588
31589
31591
31592
31593
31594
31595
31596
31599
31600
31602
31603
31605
31606
31607
31608
31609
31610
31612
31613
31614
31615
31616
31617
31619
31620
31621
31622
31623
31624
31626
31627
31629
31630
31631
31652
31669
31670
31967
31992
32000
32001
32002
32067
32100
32181
32217
32246
32302
32309
32310
32311
32312
32317
32330
32338
32339
32340
32341
32342
32343
32353
32354
32355
32356
32358
32359
32360
32361
32366
32367
32368
32369
32370
32381
32382
32388
32390
32395
32396
32397
32398
32399
32407
32411
32473
32474
32476
32477
32659
32665
32666
32669
32741
32748
32755
32772
32773
32774
32775
32783
32812
32860
32982
32983
32989
33008
33013
33014
33016
33017
33018
33028
33036
33041
33042
33043
33044
33046
33048
33050
33053
33054
33055
33057
33058
33059
33061
33062
33075
33077
33095
33097
33098
33099
33100
33103
33104
33109
33125
33127
33128
33129
33130
33131
33139
33140
33145
33158
33186
33190
33195
33224
33235
33236
33239
33251
33252
33264
33266
33267
33278
33326
33327
33333
33371
33372
33375
33380
33386
33388
33390
33391
33399
33410
33419
33431
33432
33441
33453
33460
33461
33462
33465
33466
33467
33469
33471
33472
33473
33474
33475
33477
33480
33481
33483
33485
33487
33492
33502
33503
33504
33505
33519
33520
33521
33531
33533
33534
33539
33540
33543
33545
33546
33548
33549
33550
33551
33552
33557
33561
33562
33563
33564
33565
33567
33571
33572
33577
33586
33587
33588
33589
33591
33593
33594
33595
33596
33600
33601
33604
33605
33607
33608
33609
33610
33611
33612
33614
33615
33616
33617
33618
33619
33621
33622
33623
33624
33625
33626
33630
33631
33637
33638
33639
33659
33660
33664
33665
33666
33669
33674
33679
33684
33685
33690
33698
33704
33712
33713
33719
33723
33729
33734
33740
33741
33749
33755
33760
33763
33768
33769
33777
33784
33785
33787
33789
33792
33798
33804
33807
33812
33813
33816
33817
33821
33829
33832
33833
33836
33840
33841
33843
33844
33846
33848
33849
33852
33859
33861
33865
33869
33874
33875
33880
33885
33886
33887
33888
33890
33892
33895
33899
33900
33901
33902
33903
33906
33907
33910
33912
33913
33917
33918
33920
33925
33926
33930
33931
33932
33935
33937
33939
33946
33948
33952
33953
33957
33960
33961
33963
33964
33968
33969
33981
33982
33996
34009
34010
34024
34034
34038
34039
34056
34057
34059
34060
34063
34066
34067
34074
34075
34077
34078
34080
34081
34082
34094
34095
34123
34129
34157
34158
34185
34186
34205
34212
34213
34233
34241
34242
34246
34250
34251
34256
34257
34262
34264
34265
34266
34267
34301
34310
34311
34312
34315
34320
34322
34325
34326
34327
34330
34334
34335
34343
34352
34358
34367
34368
34371
34372
34378
34386
34397
34398
34399
34406
34414
34421
34434
34449
34463
34478
34506
34520
34535
34548
34562
34563
34582
34583
34635
34642
34681
34710
34783
34812
34841
34870
34899
34928
34944
34958
34973
34988
35002
35017
35032
35045
35087
35118
35133
35135
35137
35138
35139
35140
35141
35142
35187
35188
35281
35311
35340
35369
35398
35426
36086
36126
36127
36130
36151
36152
36155
36158
36161
36166
36167
36168
36169
36171
36172
36173
36174
36181
36182
36183
36186
36187
36190
36195
36196
36197
36199
36200
36201
36202
36203
36204
36210
36214
36217
36218
36225
36231
36239
36243
36249
36250
36254
36255
36259
36260
36269
36270
36272
36275
36276
36278
36279
36280
36283
36288
36379
36382
36383
36384
36387
36388
36391
36396
36398
36399
36401
36408
36410
36415
36416
36419
36487
36506
36507
36510
36511
36514
36516
36524
36531
36532
36538
36561
36562
36564
36570
36591
36592
36644
36646
36648
36673
36690
36759
36764
36765
36766
36767
36768
36778
36779
36780
36789
36800
36819
36906
37081
37256
37311
37337
37369
37404
38192
38204
38214
38215
38216
38218
38219
38220
38221
38223
38226
38227
38320
38321
38685
38761
38796
38801
38830
38838
38863
38864
38889
38890
38895
38907
38918
38919
38924
38947
38948
38953
38965
38976
38982
38994
39005
39006
39011
39019
39023
39223
39224
39253
39512
39579
39968
40026
40084
40113
40142
40171
40200
40230
40331
40336
41399
41402
41432
41458
41461
41489
41514
41517
41518
41545
41546
41549
41573
41574
41577
41601
41602
41605
41629
41632
41635
41909
41934
41935
41989
42018
42020
42023
42087
42088
42101
42120
42144
42146
42175
42239
42274
42275
42278
42288
42392
42394
42395
42426
42433
42441
42452
42455
42457
42566
42567
42580
42583
42584
42585
42586
42587
42600
42608
42614
42622
42835
43313
43315
43326
43329
43336
43342
43355
43361
43362
43364
43368
43369
43370
43375
43376
43389
43390
43391
43404
43406
43409
43411
43412
43417
43430
43444
43456
43467
43468
43469
43470
43472
43483
43486
43496
43501
43512
43515
43524
43525
43526
43528
43529
43532
43537
43538
43539
43540
43542
43543
43546
43547
43551
43552
43554
43556
43558
43565
43566
43573
43579
43586
43591
43592
43593
43594
43600
43601
43602
43608
43612
43615
43620
43621
43623
43626
43635
43636
43637
43638
43641
43644
43649
43650
43655
43663
43665
43666
43669
43673
43674
43684
43688
43788
43802
43803
43805
43817
43818
43821
43822
43823
43826
43837
43840
43841
43850
43851
43854
43855
43865
43868
43869
43870
43882
43883
43884
43893
43897
43898
43899
43906
43907
43910
43911
43912
43913
43916
43917
43920
43924
43925
43926
43927
43928
43931
43932
43933
43934
43939
43940
43942
43947
43949
43952
43953
43955
43960
43962
43963
43966
43967
43968
43970
43973
43975
43980
43982
43983
43984
43988
43989
43991
43993
43994
43997
44001
44017
44018
44019
44022
44023
44025
44031
44032
44043
44044
44053
44057
44058
44065
44066
44067
44068
44074
44079
44081
44088
44093
44094
44099
44116
44117
44121
44122
44123
44124
44132
44142
44147
44161
44176
44186
44191
44206
44220
44316
44330
44331
44346
44474
44504
44591
44742
45047
46614
46625
46635
46643
46644
46645
46646
